MX02

Forecast value
27    1112.333188
28    1102.026376
29    1091.719564
30    1081.412752
31    1071.105940
32    1060.799127
33    1050.492315
34    1040.185503
35    1029.878691
36    1019.571879

US01

Forecast value
87    7358.268794
88    7277.487879
89    7274.869529
90    7272.252121
91    7269.635655
92    7267.020130
93    7264.405546
94    7261.791903
95    7259.179200
96    7256.567438

US02

Forecast value
87    16421.431792
88    16390.191280
89    16372.557329
90    16362.212158
91    16355.771497
92    16351.422485
93    16348.194020
94    16345.565909
95    16343.259498
96    16341.125519

US03

Forecast value
50    1408.481814
51    1408.481814
52    1408.481814
53    1408.481814
54    1408.481814
55    1408.481814
56    1408.481814
57    1408.481814
58    1408.481814
59    1408.481814

US04

Forecast value
50    2483.038937
51    2483.038937
52    2483.038937
53    2483.038937
54    2483.038937
55    2483.038937
56    2483.038937
57    2483.038937
58    2483.038937
59    2483.038937

US08

Forecast value
36     9176.136407
37    12505.846306
38    13546.335143
39    15500.402607
40    17319.641558
41    18949.349010
42    20828.834146
43    22512.725907
44    24312.909285
45    26061.078785

